27
111111111111111111111111111111111111111
100000000010000010000010000010000000001
101110111010111010101010111010111011101
100000000000000000101000000000000000001
101110101111101011101110101111101011101
100000100010001000000000100010001000001
111010111010111010111010111010111010111
100010100010001010000010100010001010001
101110101010101011101110101010101011101
100000001000100000000000001000100000001
101110101101101011101110101101101011101
100010100000001010000010100000001010001
111010101111101010111010101111101010111
100000000010000000000000000010000000001
101110111010111011101110111010111011101
100010000000000010000010000000000010001
111010101111101010111010101111101010111
100000100010001000000000100010001000001
101101111010101101101101101010111101101
100000000000100000000000001000000000001
101110111010111011101110111010111011101
100010000010000010000010000010000010001
111010101111101010111010101111101010111
100000100010001000000000100010001000001
101101111010101101101101101010111101101
100000000000100000000000001000000000001
111111111111111111111111111111111111111