21
11111111111111111111111111111111111
10000000100000100000100000100000001
10111110101110101010101110101111101
10000000000000001010000000000000001
10111010111010111011101011101011101
10000010001010000000001010001000001
11101011101010101110101010111010111
10001010001010100000101010001010001
10111010100010111011101000101011101
10000000101000000000000010100000001
10111010101110111011101110101011101
10001010000010100000101000001010001
11101010111000101110100011101010111
10000000001010000000001010000000001
10111011101010111011101010111011101
10001000000000100000100000000010001
11101010111011101110111011101010111
10000010001000000000000010001000001
10110111101010111011101010111101101
10000000000010000000001000000000001
11111111111111111111111111111111111